{
 "cells": [
  {
   "cell_type": "markdown",
   "id": "9277a6a5",
   "metadata": {
    "papermill": {
     "duration": 0.011101,
     "end_time": "2023-02-27T07:13:37.401670",
     "exception": false,
     "start_time": "2023-02-27T07:13:37.390569",
     "status": "completed"
    },
    "tags": []
   },
   "source": [
    "   # **Perth House Price prediction project**\n",
    "\n",
    "*In this notebook, I am glad to show you how to understand data and apply it to the Machine Learning model.\n",
    "Also, I'll show how to visualize Latitude and Longitude on a map, how to deal with categorical data and deal with distributions in numerical data.\n",
    "Then, I'll demonstrate how to work and test 7 ML models at a time and choose the best one. I hope you enjoy it!\n",
    "Finally we can see the results and their accuracy is 84%.*\n",
    "\n",
    "![](https://th.bing.com/th/id/OIP.yk4Bm3kehjEu3mTZewa1xQHaD4?w=341&h=180&c=7&r=0&o=5&pid=1.7)"
   ]
  },
  {
   "cell_type": "code",
   "execution_count": null,
   "id": "3d6076ac",
   "metadata": {
    "papermill": {
     "duration": 0.009648,
     "end_time": "2023-02-27T07:13:37.421466",
     "exception": false,
     "start_time": "2023-02-27T07:13:37.411818",
     "status": "completed"
    },
    "tags": []
   },
   "outputs": [],
   "source": []
  },
  {
   "cell_type": "markdown",
   "id": "e7eca27e",
   "metadata": {
    "papermill": {
     "duration": 0.009527,
     "end_time": "2023-02-27T07:13:37.441265",
     "exception": false,
     "start_time": "2023-02-27T07:13:37.431738",
     "status": "completed"
    },
    "tags": []
   },
   "source": [
    "# Overview\n",
    "\n",
    "**1. First look at the DATA and simple EDA**\n",
    "\n",
    "**2. Data Cleaning**\n",
    "\n",
    "**3. Data Visualization(heatmap, histograms)**\n",
    "\n",
    "**4. Visualizing Geographical Data (Visualizing how the price increase and decrease by location)**\n",
    "\n",
    "**5. Creating new features based on the DATA. Experimenting with Attribute Combinations**\n",
    "\n",
    "**6. Handling categorical and numerical data(creating preprocessor)**\n",
    "\n",
    "**7. Models building and choosing the best model**\n",
    "\n",
    "**8. Model Tuning**\n",
    "\n",
    "**9. Results**"
   ]
  },
  {
   "cell_type": "code",
   "execution_count": 6,
   "id": "5893a366",
   "metadata": {
    "execution": {
     "iopub.execute_input": "2023-02-27T07:13:37.466434Z",
     "iopub.status.busy": "2023-02-27T07:13:37.464891Z",
     "iopub.status.idle": "2023-02-27T07:13:40.594875Z",
     "shell.execute_reply": "2023-02-27T07:13:40.591251Z"
    },
    "papermill": {
     "duration": 3.145049,
     "end_time": "2023-02-27T07:13:40.598034",
     "exception": false,
     "start_time": "2023-02-27T07:13:37.452985",
     "status": "completed"
    },
    "tags": []
   },
   "outputs": [],
   "source": [
    "#importing libaries\n",
    "import pandas as pd\n",
    "import numpy as np\n",
    "\n",
    "#data visualization libaries\n",
    "import matplotlib.pyplot as plt\n",
    "import seaborn as sns\n",
    "import plotly.express as px\n",
    "import plotly.graph_objects as go\n",
    "from plotly.subplots import make_subplots\n",
    "\n",
    "#need to geografical data visualization(used in chapter 4)\n",
    "from urllib.request import urlopen\n",
    "import json\n",
    "\n",
    "#need to deal with numerical and categorical data(used in chapter 6)\n",
    "from sklearn.compose import ColumnTransformer\n",
    "from sklearn.pipeline import Pipeline\n",
    "from sklearn.preprocessing import OrdinalEncoder\n",
    "from sklearn.preprocessing import MinMaxScaler\n",
    "\n",
    "from sklearn.model_selection import train_test_split\n",
    "from sklearn.pipeline import Pipeline\n",
    "from sklearn.svm import SVR\n",
    "from xgboost import XGBRegressor\n",
    "from sklearn.linear_model import Ridge\n",
    "from sklearn.linear_model import ElasticNet\n",
    "from sklearn.linear_model import BayesianRidge\n",
    "from sklearn.ensemble import RandomForestRegressor\n",
    "from sklearn.tree import DecisionTreeRegressor\n",
    "from sklearn.metrics import mean_absolute_error, r2_score\n",
    "from sklearn.model_selection import cross_val_score\n",
    "\n",
    "pd.options.display.float_format = \"{:.1f}\".format\n",
    "sns.set_style(\"darkgrid\")\n",
    "plt.style.use(\"fivethirtyeight\")\n",
    "\n",
    "import os\n",
    "for dirname, _, filenames in os.walk('/kaggle/input'):\n",
    "    for filename in filenames:\n",
    "        print(os.path.join(dirname, filename))"
   ]
  },
  {
   "cell_type": "markdown",
   "id": "cc30aaf5",
   "metadata": {
    "papermill": {
     "duration": 0.00955,
     "end_time": "2023-02-27T07:13:40.618123",
     "exception": false,
     "start_time": "2023-02-27T07:13:40.608573",
     "status": "completed"
    },
    "tags": []
   },
   "source": [
    "# 1. First look at the DATA and simple EDA"
   ]
  },
  {
   "cell_type": "code",
   "execution_count": 7,
   "id": "a34ecbf0",
   "metadata": {
    "execution": {
     "iopub.execute_input": "2023-02-27T07:13:40.641358Z",
     "iopub.status.busy": "2023-02-27T07:13:40.640824Z",
     "iopub.status.idle": "2023-02-27T07:13:40.952622Z",
     "shell.execute_reply": "2023-02-27T07:13:40.951167Z"
    },
    "papermill": {
     "duration": 0.326657,
     "end_time": "2023-02-27T07:13:40.955552",
     "exception": false,
     "start_time": "2023-02-27T07:13:40.628895",
     "status": "completed"
    },
    "tags": []
   },
   "outputs": [
    {
     "data": {
      "text/html": [
       "<div>\n",
       "<style scoped>\n",
       "    .dataframe tbody tr th:only-of-type {\n",
       "        vertical-align: middle;\n",
       "    }\n",
       "\n",
       "    .dataframe tbody tr th {\n",
       "        vertical-align: top;\n",
       "    }\n",
       "\n",
       "    .dataframe thead th {\n",
       "        text-align: right;\n",
       "    }\n",
       "</style>\n",
       "<table border=\"1\" class=\"dataframe\">\n",
       "  <thead>\n",
       "    <tr style=\"text-align: right;\">\n",
       "      <th></th>\n",
       "      <th>ADDRESS</th>\n",
       "      <th>SUBURB</th>\n",
       "      <th>PRICE</th>\n",
       "      <th>BEDROOMS</th>\n",
       "      <th>BATHROOMS</th>\n",
       "      <th>GARAGE</th>\n",
       "      <th>LAND_AREA</th>\n",
       "      <th>FLOOR_AREA</th>\n",
       "      <th>BUILD_YEAR</th>\n",
       "      <th>CBD_DIST</th>\n",
       "      <th>NEAREST_STN</th>\n",
       "      <th>NEAREST_STN_DIST</th>\n",
       "      <th>DATE_SOLD</th>\n",
       "      <th>POSTCODE</th>\n",
       "      <th>LATITUDE</th>\n",
       "      <th>LONGITUDE</th>\n",
       "      <th>NEAREST_SCH</th>\n",
       "      <th>NEAREST_SCH_DIST</th>\n",
       "      <th>NEAREST_SCH_RANK</th>\n",
       "    </tr>\n",
       "  </thead>\n",
       "  <tbody>\n",
       "    <tr>\n",
       "      <th>0</th>\n",
       "      <td>1 Acorn Place</td>\n",
       "      <td>South Lake</td>\n",
       "      <td>565000</td>\n",
       "      <td>4</td>\n",
       "      <td>2</td>\n",
       "      <td>2.0</td>\n",
       "      <td>600</td>\n",
       "      <td>160</td>\n",
       "      <td>2003.0</td>\n",
       "      <td>18300</td>\n",
       "      <td>Cockburn Central Station</td>\n",
       "      <td>1800</td>\n",
       "      <td>09-2018\\r</td>\n",
       "      <td>6164</td>\n",
       "      <td>-32.1</td>\n",
       "      <td>115.8</td>\n",
       "      <td>LAKELAND SENIOR HIGH SCHOOL</td>\n",
       "      <td>0.8</td>\n",
       "      <td>NaN</td>\n",
       "    </tr>\n",
       "    <tr>\n",
       "      <th>1</th>\n",
       "      <td>1 Addis Way</td>\n",
       "      <td>Wandi</td>\n",
       "      <td>365000</td>\n",
       "      <td>3</td>\n",
       "      <td>2</td>\n",
       "      <td>2.0</td>\n",
       "      <td>351</td>\n",
       "      <td>139</td>\n",
       "      <td>2013.0</td>\n",
       "      <td>26900</td>\n",
       "      <td>Kwinana Station</td>\n",
       "      <td>4900</td>\n",
       "      <td>02-2019\\r</td>\n",
       "      <td>6167</td>\n",
       "      <td>-32.2</td>\n",
       "      <td>115.9</td>\n",
       "      <td>ATWELL COLLEGE</td>\n",
       "      <td>5.5</td>\n",
       "      <td>129.0</td>\n",
       "    </tr>\n",
       "    <tr>\n",
       "      <th>2</th>\n",
       "      <td>1 Ainsley Court</td>\n",
       "      <td>Camillo</td>\n",
       "      <td>287000</td>\n",
       "      <td>3</td>\n",
       "      <td>1</td>\n",
       "      <td>1.0</td>\n",
       "      <td>719</td>\n",
       "      <td>86</td>\n",
       "      <td>1979.0</td>\n",
       "      <td>22600</td>\n",
       "      <td>Challis Station</td>\n",
       "      <td>1900</td>\n",
       "      <td>06-2015\\r</td>\n",
       "      <td>6111</td>\n",
       "      <td>-32.1</td>\n",
       "      <td>116.0</td>\n",
       "      <td>KELMSCOTT SENIOR HIGH SCHOOL</td>\n",
       "      <td>1.6</td>\n",
       "      <td>113.0</td>\n",
       "    </tr>\n",
       "    <tr>\n",
       "      <th>3</th>\n",
       "      <td>1 Albert Street</td>\n",
       "      <td>Bellevue</td>\n",
       "      <td>255000</td>\n",
       "      <td>2</td>\n",
       "      <td>1</td>\n",
       "      <td>2.0</td>\n",
       "      <td>651</td>\n",
       "      <td>59</td>\n",
       "      <td>1953.0</td>\n",
       "      <td>17900</td>\n",
       "      <td>Midland Station</td>\n",
       "      <td>3600</td>\n",
       "      <td>07-2018\\r</td>\n",
       "      <td>6056</td>\n",
       "      <td>-31.9</td>\n",
       "      <td>116.0</td>\n",
       "      <td>SWAN VIEW SENIOR HIGH SCHOOL</td>\n",
       "      <td>1.6</td>\n",
       "      <td>NaN</td>\n",
       "    </tr>\n",
       "    <tr>\n",
       "      <th>4</th>\n",
       "      <td>1 Aman Place</td>\n",
       "      <td>Lockridge</td>\n",
       "      <td>325000</td>\n",
       "      <td>4</td>\n",
       "      <td>1</td>\n",
       "      <td>2.0</td>\n",
       "      <td>466</td>\n",
       "      <td>131</td>\n",
       "      <td>1998.0</td>\n",
       "      <td>11200</td>\n",
       "      <td>Bassendean Station</td>\n",
       "      <td>2000</td>\n",
       "      <td>11-2016\\r</td>\n",
       "      <td>6054</td>\n",
       "      <td>-31.9</td>\n",
       "      <td>115.9</td>\n",
       "      <td>KIARA COLLEGE</td>\n",
       "      <td>1.5</td>\n",
       "      <td>NaN</td>\n",
       "    </tr>\n",
       "  </tbody>\n",
       "</table>\n",
       "</div>"
      ],
      "text/plain": [
       "           ADDRESS      SUBURB   PRICE  BEDROOMS  BATHROOMS  GARAGE  \\\n",
       "0    1 Acorn Place  South Lake  565000         4          2     2.0   \n",
       "1      1 Addis Way       Wandi  365000         3          2     2.0   \n",
       "2  1 Ainsley Court     Camillo  287000         3          1     1.0   \n",
       "3  1 Albert Street    Bellevue  255000         2          1     2.0   \n",
       "4     1 Aman Place   Lockridge  325000         4          1     2.0   \n",
       "\n",
       "   LAND_AREA  FLOOR_AREA  BUILD_YEAR  CBD_DIST               NEAREST_STN  \\\n",
       "0        600         160      2003.0     18300  Cockburn Central Station   \n",
       "1        351         139      2013.0     26900           Kwinana Station   \n",
       "2        719          86      1979.0     22600           Challis Station   \n",
       "3        651          59      1953.0     17900           Midland Station   \n",
       "4        466         131      1998.0     11200        Bassendean Station   \n",
       "\n",
       "   NEAREST_STN_DIST  DATE_SOLD  POSTCODE  LATITUDE  LONGITUDE  \\\n",
       "0              1800  09-2018\\r      6164     -32.1      115.8   \n",
       "1              4900  02-2019\\r      6167     -32.2      115.9   \n",
       "2              1900  06-2015\\r      6111     -32.1      116.0   \n",
       "3              3600  07-2018\\r      6056     -31.9      116.0   \n",
       "4              2000  11-2016\\r      6054     -31.9      115.9   \n",
       "\n",
       "                    NEAREST_SCH  NEAREST_SCH_DIST  NEAREST_SCH_RANK  \n",
       "0   LAKELAND SENIOR HIGH SCHOOL               0.8               NaN  \n",
       "1                ATWELL COLLEGE               5.5             129.0  \n",
       "2  KELMSCOTT SENIOR HIGH SCHOOL               1.6             113.0  \n",
       "3  SWAN VIEW SENIOR HIGH SCHOOL               1.6               NaN  \n",
       "4                 KIARA COLLEGE               1.5               NaN  "
      ]
     },
     "execution_count": 7,
     "metadata": {},
     "output_type": "execute_result"
    }
   ],
   "source": [
    "all_data = pd.read_csv('data/perth_house_info.csv')\n",
    "all_data.head(5)"
   ]
  },
  {
   "cell_type": "code",
   "execution_count": 8,
   "id": "54b50b48",
   "metadata": {
    "execution": {
     "iopub.execute_input": "2023-02-27T07:13:40.978851Z",
     "iopub.status.busy": "2023-02-27T07:13:40.977752Z",
     "iopub.status.idle": "2023-02-27T07:13:41.091864Z",
     "shell.execute_reply": "2023-02-27T07:13:41.090494Z"
    },
    "papermill": {
     "duration": 0.129231,
     "end_time": "2023-02-27T07:13:41.095123",
     "exception": false,
     "start_time": "2023-02-27T07:13:40.965892",
     "status": "completed"
    },
    "tags": []
   },
   "outputs": [
    {
     "name": "stdout",
     "output_type": "stream",
     "text": [
      "EXPLORATORY DATA ANALYSIS:\n",
      "\n",
      "Numbers of rows: 33656 \n",
      "Numbers of columns:  19\n",
      " \n",
      "------------------------------------------------------------------------------------\n",
      "\n",
      "All columns from the dataframe :\n",
      "\n",
      " Index(['ADDRESS', 'SUBURB', 'PRICE', 'BEDROOMS', 'BATHROOMS', 'GARAGE',\n",
      "       'LAND_AREA', 'FLOOR_AREA', 'BUILD_YEAR', 'CBD_DIST', 'NEAREST_STN',\n",
      "       'NEAREST_STN_DIST', 'DATE_SOLD', 'POSTCODE', 'LATITUDE', 'LONGITUDE',\n",
      "       'NEAREST_SCH', 'NEAREST_SCH_DIST', 'NEAREST_SCH_RANK'],\n",
      "      dtype='object')\n",
      " \n",
      "------------------------------------------------------------------------------------\n",
      "\n",
      "Datatypes and Missing values:\n",
      "\n",
      "<class 'pandas.core.frame.DataFrame'>\n",
      "RangeIndex: 33656 entries, 0 to 33655\n",
      "Data columns (total 19 columns):\n",
      " #   Column            Non-Null Count  Dtype  \n",
      "---  ------            --------------  -----  \n",
      " 0   ADDRESS           33656 non-null  object \n",
      " 1   SUBURB            33656 non-null  object \n",
      " 2   PRICE             33656 non-null  int64  \n",
      " 3   BEDROOMS          33656 non-null  int64  \n",
      " 4   BATHROOMS         33656 non-null  int64  \n",
      " 5   GARAGE            31178 non-null  float64\n",
      " 6   LAND_AREA         33656 non-null  int64  \n",
      " 7   FLOOR_AREA        33656 non-null  int64  \n",
      " 8   BUILD_YEAR        30501 non-null  float64\n",
      " 9   CBD_DIST          33656 non-null  int64  \n",
      " 10  NEAREST_STN       33656 non-null  object \n",
      " 11  NEAREST_STN_DIST  33656 non-null  int64  \n",
      " 12  DATE_SOLD         33656 non-null  object \n",
      " 13  POSTCODE          33656 non-null  int64  \n",
      " 14  LATITUDE          33656 non-null  float64\n",
      " 15  LONGITUDE         33656 non-null  float64\n",
      " 16  NEAREST_SCH       33656 non-null  object \n",
      " 17  NEAREST_SCH_DIST  33656 non-null  float64\n",
      " 18  NEAREST_SCH_RANK  22704 non-null  float64\n",
      "dtypes: float64(6), int64(8), object(5)\n",
      "memory usage: 4.9+ MB\n",
      "None \n",
      "------------------------------------------------------------------------------------\n",
      "\n",
      "Summary statistics for the data :\n",
      "\n",
      "          PRICE  BEDROOMS  BATHROOMS  GARAGE  LAND_AREA  FLOOR_AREA  \\\n",
      "count   33656.0   33656.0    33656.0 31178.0    33656.0     33656.0   \n",
      "mean   637072.0       3.7        1.8     2.2     2740.6       183.5   \n",
      "std    355825.6       0.8        0.6     1.4    16693.5        72.1   \n",
      "min     51000.0       1.0        1.0     1.0       61.0         1.0   \n",
      "25%    410000.0       3.0        1.0     2.0      503.0       130.0   \n",
      "50%    535500.0       4.0        2.0     2.0      682.0       172.0   \n",
      "75%    760000.0       4.0        2.0     2.0      838.0       222.2   \n",
      "max   2440000.0      10.0       16.0    99.0   999999.0       870.0   \n",
      "\n",
      "       BUILD_YEAR  CBD_DIST  NEAREST_STN_DIST  POSTCODE  LATITUDE  LONGITUDE  \\\n",
      "count     30501.0   33656.0           33656.0   33656.0   33656.0    33656.0   \n",
      "mean       1989.7   19777.4            4523.4    6089.4     -32.0      115.9   \n",
      "std          21.0   11364.4            4495.1      62.2       0.2        0.1   \n",
      "min        1868.0     681.0              46.0    6003.0     -32.5      115.6   \n",
      "25%        1978.0   11200.0            1800.0    6050.0     -32.1      115.8   \n",
      "50%        1995.0   17500.0            3200.0    6069.0     -31.9      115.9   \n",
      "75%        2005.0   26600.0            5300.0    6150.0     -31.8      116.0   \n",
      "max        2017.0   59800.0           35500.0    6558.0     -31.5      116.3   \n",
      "\n",
      "       NEAREST_SCH_DIST  NEAREST_SCH_RANK  \n",
      "count           33656.0           22704.0  \n",
      "mean                1.8              72.7  \n",
      "std                 1.7              40.6  \n",
      "min                 0.1               1.0  \n",
      "25%                 0.9              39.0  \n",
      "50%                 1.3              68.0  \n",
      "75%                 2.1             105.0  \n",
      "max                23.3             139.0   \n",
      "------------------------------------------------------------------------------------\n",
      "\n",
      "MISSIN VALUES :\n",
      "\n",
      "ADDRESS                 0\n",
      "SUBURB                  0\n",
      "PRICE                   0\n",
      "BEDROOMS                0\n",
      "BATHROOMS               0\n",
      "GARAGE               2478\n",
      "LAND_AREA               0\n",
      "FLOOR_AREA              0\n",
      "BUILD_YEAR           3155\n",
      "CBD_DIST                0\n",
      "NEAREST_STN             0\n",
      "NEAREST_STN_DIST        0\n",
      "DATE_SOLD               0\n",
      "POSTCODE                0\n",
      "LATITUDE                0\n",
      "LONGITUDE               0\n",
      "NEAREST_SCH             0\n",
      "NEAREST_SCH_DIST        0\n",
      "NEAREST_SCH_RANK    10952\n",
      "dtype: int64\n"
     ]
    }
   ],
   "source": [
    "#create a func for in-depth data understanding\n",
    "\n",
    "def EDA(data):\n",
    "\n",
    "    shape_info = data.shape\n",
    "\n",
    "    print('EXPLORATORY DATA ANALYSIS:\\n')\n",
    "\n",
    "    print(f'Numbers of rows: {shape_info[0]} \\nNumbers of columns:  {shape_info[1]}\\n',\n",
    "    '\\n------------------------------------------------------------------------------------\\n')\n",
    "\n",
    "    print(f'All columns from the dataframe :\\n\\n {data.columns}\\n',\n",
    "    '\\n------------------------------------------------------------------------------------\\n')\n",
    "\n",
    "    print(f'Datatypes and Missing values:\\n')\n",
    "    print(data.info(),\n",
    "    '\\n------------------------------------------------------------------------------------\\n')\n",
    "\n",
    "    print('Summary statistics for the data :\\n')\n",
    "    print(data.describe(),\n",
    "    '\\n------------------------------------------------------------------------------------\\n')\n",
    "\n",
    "    print('MISSIN VALUES :\\n')\n",
    "    print(data.isnull().sum())\n",
    "    \n",
    "    \n",
    "EDA(all_data)"
   ]
  },
  {
   "cell_type": "markdown",
   "id": "4fdfb983",
   "metadata": {
    "papermill": {
     "duration": 0.010336,
     "end_time": "2023-02-27T07:13:41.116043",
     "exception": false,
     "start_time": "2023-02-27T07:13:41.105707",
     "status": "completed"
    },
    "tags": []
   },
   "source": [
    "# 2. Data Cleaning"
   ]
  },
  {
   "cell_type": "markdown",
   "id": "28af7a04",
   "metadata": {
    "papermill": {
     "duration": 0.01002,
     "end_time": "2023-02-27T07:13:41.136558",
     "exception": false,
     "start_time": "2023-02-27T07:13:41.126538",
     "status": "completed"
    },
    "tags": []
   },
   "source": [
    "Handling with missing values(GARAGE, BUILD_YEAR, NEAREST_SCH_RANK)\n",
    "\n",
    "1. Garage will be replaced by middle values(50%).\n",
    "\n",
    "2. NEAREST_SCH_RANK column will be deleted from the dataset.\n",
    "\n",
    "3. A 75% value will replace missing values from BUILD_YEAR."
   ]
  },
  {
   "cell_type": "code",
   "execution_count": 9,
   "id": "f9ae786b",
   "metadata": {
    "execution": {
     "iopub.execute_input": "2023-02-27T07:13:41.159361Z",
     "iopub.status.busy": "2023-02-27T07:13:41.158798Z",
     "iopub.status.idle": "2023-02-27T07:13:41.190375Z",
     "shell.execute_reply": "2023-02-27T07:13:41.189085Z"
    },
    "papermill": {
     "duration": 0.046659,
     "end_time": "2023-02-27T07:13:41.193547",
     "exception": false,
     "start_time": "2023-02-27T07:13:41.146888",
     "status": "completed"
    },
    "tags": []
   },
   "outputs": [
    {
     "data": {
      "text/plain": [
       "ADDRESS             0\n",
       "SUBURB              0\n",
       "PRICE               0\n",
       "BEDROOMS            0\n",
       "BATHROOMS           0\n",
       "GARAGE              0\n",
       "LAND_AREA           0\n",
       "FLOOR_AREA          0\n",
       "BUILD_YEAR          0\n",
       "CBD_DIST            0\n",
       "NEAREST_STN         0\n",
       "NEAREST_STN_DIST    0\n",
       "DATE_SOLD           0\n",
       "POSTCODE            0\n",
       "LATITUDE            0\n",
       "LONGITUDE           0\n",
       "NEAREST_SCH         0\n",
       "NEAREST_SCH_DIST    0\n",
       "dtype: int64"
      ]
     },
     "execution_count": 9,
     "metadata": {},
     "output_type": "execute_result"
    }
   ],
   "source": [
    "#handling with missing values(GARAGE, BUILD_YEAR, NEAREST_SCH_RANK)\n",
    "all_data['GARAGE'] = all_data['GARAGE'].fillna(all_data['GARAGE'].median())\n",
    "all_data['BUILD_YEAR'] = all_data['BUILD_YEAR'].fillna(all_data['BUILD_YEAR'].quantile(0.75))\n",
    "all_data = all_data.drop(['NEAREST_SCH_RANK'], axis=1)\n",
    "\n",
    "all_data.isnull().sum()"
   ]
  },
  {
   "cell_type": "markdown",
   "id": "e5fbcf2e",
   "metadata": {
    "papermill": {
     "duration": 0.010227,
     "end_time": "2023-02-27T07:13:41.214430",
     "exception": false,
     "start_time": "2023-02-27T07:13:41.204203",
     "status": "completed"
    },
    "tags": []
   },
   "source": [
    " Handling with dtypes\n",
    "\n",
    "1. GARAGE, BUILD_YEAR are float dtypes.\n",
    "\n",
    "2. DATE_SOLD has extra character \"/r\" and object dtype."
   ]
  },
  {
   "cell_type": "code",
   "execution_count": 10,
   "id": "1af4435e",
   "metadata": {
    "execution": {
     "iopub.execute_input": "2023-02-27T07:13:41.238435Z",
     "iopub.status.busy": "2023-02-27T07:13:41.237492Z",
     "iopub.status.idle": "2023-02-27T07:13:41.328609Z",
     "shell.execute_reply": "2023-02-27T07:13:41.327323Z"
    },
    "papermill": {
     "duration": 0.106291,
     "end_time": "2023-02-27T07:13:41.331617",
     "exception": false,
     "start_time": "2023-02-27T07:13:41.225326",
     "status": "completed"
    },
    "tags": []
   },
   "outputs": [
    {
     "data": {
      "text/plain": [
       "ADDRESS                     object\n",
       "SUBURB                      object\n",
       "PRICE                        int64\n",
       "BEDROOMS                     int64\n",
       "BATHROOMS                    int64\n",
       "GARAGE                       int64\n",
       "LAND_AREA                    int64\n",
       "FLOOR_AREA                   int64\n",
       "BUILD_YEAR                   int64\n",
       "CBD_DIST                     int64\n",
       "NEAREST_STN                 object\n",
       "NEAREST_STN_DIST             int64\n",
       "DATE_SOLD           datetime64[ns]\n",
       "POSTCODE                     int64\n",
       "LATITUDE                   float64\n",
       "LONGITUDE                  float64\n",
       "NEAREST_SCH                 object\n",
       "NEAREST_SCH_DIST           float64\n",
       "dtype: object"
      ]
     },
     "execution_count": 10,
     "metadata": {},
     "output_type": "execute_result"
    }
   ],
   "source": [
    "#replace float dtype to int dtype in GARAGE and BUILD_YEAR\n",
    "cols = ['GARAGE', 'BUILD_YEAR']\n",
    "all_data[cols] = all_data[cols].applymap(np.int64)\n",
    "\n",
    "#remove '\\r' from DATE_SOLD values and formate it to datetime type\n",
    "all_data['DATE_SOLD'] = all_data['DATE_SOLD'].str.replace('\\r', '')\n",
    "all_data['DATE_SOLD'] = pd.to_datetime(all_data['DATE_SOLD'])\n",
    "\n",
    "all_data.dtypes"
   ]
  },
  {
   "cell_type": "markdown",
   "id": "0421d35d",
   "metadata": {
    "papermill": {
     "duration": 0.010321,
     "end_time": "2023-02-27T07:13:41.352585",
     "exception": false,
     "start_time": "2023-02-27T07:13:41.342264",
     "status": "completed"
    },
    "tags": []
   },
   "source": [
    "# 3. Data Visualization(heatmap, histograms)"
   ]
  },
  {
   "cell_type": "markdown",
   "id": "b81104e0",
   "metadata": {
    "papermill": {
     "duration": 0.010763,
     "end_time": "2023-02-27T07:13:41.373990",
     "exception": false,
     "start_time": "2023-02-27T07:13:41.363227",
     "status": "completed"
    },
    "tags": []
   },
   "source": [
    "Visualizing dataset:\n",
    "\n",
    "1. Finding strong correlations\n",
    "\n",
    "2. Visualizing histograms for all numerical columns"
   ]
  },
  {
   "cell_type": "markdown",
   "id": "973b5889",
   "metadata": {
    "papermill": {
     "duration": 0.010794,
     "end_time": "2023-02-27T07:13:41.395656",
     "exception": false,
     "start_time": "2023-02-27T07:13:41.384862",
     "status": "completed"
    },
    "tags": []
   },
   "source": [
    "**1. Finding strong correlations**"
   ]
  },
  {
   "cell_type": "code",
   "execution_count": 11,
   "id": "d0da423a",
   "metadata": {
    "execution": {
     "iopub.execute_input": "2023-02-27T07:13:41.420016Z",
     "iopub.status.busy": "2023-02-27T07:13:41.419532Z",
     "iopub.status.idle": "2023-02-27T07:13:41.436219Z",
     "shell.execute_reply": "2023-02-27T07:13:41.434693Z"
    },
    "papermill": {
     "duration": 0.033034,
     "end_time": "2023-02-27T07:13:41.439777",
     "exception": false,
     "start_time": "2023-02-27T07:13:41.406743",
     "status": "completed"
    },
    "tags": []
   },
   "outputs": [
    {
     "name": "stdout",
     "output_type": "stream",
     "text": [
      "Numerical Cols:  ['PRICE', 'BEDROOMS', 'BATHROOMS', 'GARAGE', 'LAND_AREA', 'FLOOR_AREA', 'BUILD_YEAR', 'CBD_DIST', 'NEAREST_STN_DIST', 'POSTCODE', 'LATITUDE', 'LONGITUDE', 'NEAREST_SCH_DIST'] \n",
      "\n",
      "Object Cols: ['ADDRESS', 'SUBURB', 'NEAREST_STN', 'DATE_SOLD', 'NEAREST_SCH']\n"
     ]
    }
   ],
   "source": [
    "num_cols = list(all_data.select_dtypes(['int64', 'float64']))\n",
    "print('Numerical Cols: ', num_cols,'\\n')\n",
    "\n",
    "cat_cols = list(all_data.select_dtypes(['object', 'datetime64[ns]']))\n",
    "print('Object Cols:', cat_cols)"
   ]
  },
  {
   "cell_type": "code",
   "execution_count": 12,
   "id": "16361509",
   "metadata": {
    "execution": {
     "iopub.execute_input": "2023-02-27T07:13:41.464526Z",
     "iopub.status.busy": "2023-02-27T07:13:41.463932Z",
     "iopub.status.idle": "2023-02-27T07:13:42.803216Z",
     "shell.execute_reply": "2023-02-27T07:13:42.801909Z"
    },
    "papermill": {
     "duration": 1.354981,
     "end_time": "2023-02-27T07:13:42.806111",
     "exception": false,
     "start_time": "2023-02-27T07:13:41.451130",
     "status": "completed"
    },
    "tags": []
   },
   "outputs": [
    {
     "name": "stdout",
     "output_type": "stream",
     "text": [
      "PRICE               1.0\n",
      "FLOOR_AREA          0.5\n",
      "BATHROOMS           0.4\n",
      "BEDROOMS            0.3\n",
      "GARAGE              0.1\n",
      "LAND_AREA           0.1\n",
      "LATITUDE            0.1\n",
      "NEAREST_SCH_DIST   -0.0\n",
      "NEAREST_STN_DIST   -0.1\n",
      "BUILD_YEAR         -0.1\n",
      "POSTCODE           -0.2\n",
      "LONGITUDE          -0.2\n",
      "CBD_DIST           -0.4\n",
      "Name: PRICE, dtype: float64\n"
     ]
    },
    {
     "name": "stderr",
     "output_type": "stream",
     "text": [
      "/var/folders/12/7k50dn215wv87vytmtwr239h0000gn/T/ipykernel_40252/363276187.py:1: FutureWarning: The default value of numeric_only in DataFrame.corr is deprecated. In a future version, it will default to False. Select only valid columns or specify the value of numeric_only to silence this warning.\n",
      "  corr_matrix = all_data.corr()\n"
     ]
    },
    {
     "data": {
      "application/vnd.plotly.v1+json": {
       "config": {
        "plotlyServerURL": "https://plot.ly"
       },
       "data": [
        {
         "coloraxis": "coloraxis",
         "hovertemplate": "x: %{x}<br>y: %{y}<br>color: %{z}<extra></extra>",
         "name": "0",
         "type": "heatmap",
         "x": [
          "PRICE",
          "BEDROOMS",
          "BATHROOMS",
          "GARAGE",
          "LAND_AREA",
          "FLOOR_AREA",
          "BUILD_YEAR",
          "CBD_DIST",
          "NEAREST_STN_DIST",
          "POSTCODE",
          "LATITUDE",
          "LONGITUDE",
          "NEAREST_SCH_DIST"
         ],
         "xaxis": "x",
         "y": [
          "PRICE",
          "BEDROOMS",
          "BATHROOMS",
          "GARAGE",
          "LAND_AREA",
          "FLOOR_AREA",
          "BUILD_YEAR",
          "CBD_DIST",
          "NEAREST_STN_DIST",
          "POSTCODE",
          "LATITUDE",
          "LONGITUDE",
          "NEAREST_SCH_DIST"
         ],
         "yaxis": "y",
         "z": [
          [
           1,
           0.25263727631507793,
           0.37713301574140545,
           0.13057846145962498,
           0.05685529394193883,
           0.5484969130300988,
           -0.14957986144751018,
           -0.35432661312688296,
           -0.0950891223527791,
           -0.17155315689486858,
           0.053041309502408325,
           -0.18373352478971952,
           -0.02194134919630837
          ],
          [
           0.25263727631507793,
           1,
           0.5557019679237382,
           0.18690262922084927,
           0.051222843363156204,
           0.5369264522344229,
           0.21245001270583985,
           0.12465388320203005,
           0.10220276029569393,
           0.010600524900581883,
           0.021967397342052192,
           -0.015170013749810968,
           0.09239127125613016
          ],
          [
           0.37713301574140545,
           0.5557019679237382,
           1,
           0.18223793004059272,
           0.02705947047580128,
           0.5558429543198168,
           0.31871617940102437,
           0.03305315935512958,
           0.03706788866829559,
           -0.04137378063044786,
           0.05141116143602438,
           -0.09381655882716963,
           0.060734414643852194
          ],
          [
           0.13057846145962498,
           0.18690262922084927,
           0.18223793004059272,
           1,
           0.05364866394017272,
           0.19265946680194188,
           0.03906776409474782,
           0.043521398772919245,
           0.10256378372816348,
           0.02577031863661835,
           -0.01542323800362325,
           0.08511468711350383,
           0.09219769411413117
          ],
          [
           0.05685529394193883,
           0.051222843363156204,
           0.02705947047580128,
           0.05364866394017272,
           1,
           0.07383605921618279,
           0.004951659725449239,
           0.13326176950028928,
           0.23302314915434594,
           0.04206951749734466,
           -0.014389456642774594,
           0.15125522145255296,
           0.2869638320555029
          ],
          [
           0.5484969130300988,
           0.5369264522344229,
           0.5558429543198168,
           0.19265946680194188,
           0.07383605921618279,
           1,
           0.2119764860170199,
           0.022687024483762808,
           0.10652661326864811,
           -0.05065848925027916,
           0.04355544654509761,
           -0.04662493767186732,
           0.12004841768524467
          ],
          [
           -0.14957986144751018,
           0.21245001270583985,
           0.31871617940102437,
           0.03906776409474782,
           0.004951659725449239,
           0.2119764860170199,
           1,
           0.25881130241830225,
           0.10213941160117844,
           0.048614107649486316,
           0.03892084367983947,
           -0.051993864840985136,
           0.1096099163360228
          ],
          [
           -0.35432661312688296,
           0.12465388320203005,
           0.03305315935512958,
           0.043521398772919245,
           0.13326176950028928,
           0.022687024483762808,
           0.25881130241830225,
           1,
           0.44649647173868534,
           0.255800680943589,
           -0.19681316879653452,
           -0.06009744874277528,
           0.37711811993753774
          ],
          [
           -0.0950891223527791,
           0.10220276029569393,
           0.03706788866829559,
           0.10256378372816348,
           0.23302314915434594,
           0.10652661326864811,
           0.10213941160117844,
           0.44649647173868534,
           1,
           0.20434681528982537,
           0.03717420957123576,
           0.49692444414972115,
           0.6347120792434399
          ],
          [
           -0.17155315689486858,
           0.010600524900581883,
           -0.04137378063044786,
           0.02577031863661835,
           0.04206951749734466,
           -0.05065848925027916,
           0.048614107649486316,
           0.255800680943589,
           0.20434681528982537,
           1,
           -0.6426426626872792,
           0.1739180928820167,
           0.12842420708130148
          ],
          [
           0.053041309502408325,
           0.021967397342052192,
           0.05141116143602438,
           -0.01542323800362325,
           -0.014389456642774594,
           0.04355544654509761,
           0.03892084367983947,
           -0.19681316879653452,
           0.03717420957123576,
           -0.6426426626872792,
           1,
           -0.10598912100185964,
           0.005938975974198283
          ],
          [
           -0.18373352478971952,
           -0.015170013749810968,
           -0.09381655882716963,
           0.08511468711350383,
           0.15125522145255296,
           -0.04662493767186732,
           -0.051993864840985136,
           -0.06009744874277528,
           0.49692444414972115,
           0.1739180928820167,
           -0.10598912100185964,
           1,
           0.304213596009837
          ],
          [
           -0.02194134919630837,
           0.09239127125613016,
           0.060734414643852194,
           0.09219769411413117,
           0.2869638320555029,
           0.12004841768524467,
           0.1096099163360228,
           0.37711811993753774,
           0.6347120792434399,
           0.12842420708130148,
           0.005938975974198283,
           0.304213596009837,
           1
          ]
         ]
        }
       ],
       "layout": {
        "autosize": false,
        "coloraxis": {
         "colorscale": [
          [
           0,
           "rgb(2,4,25)"
          ],
          [
           0.0625,
           "rgb(24,15,41)"
          ],
          [
           0.125,
           "rgb(47,23,57)"
          ],
          [
           0.1875,
           "rgb(71,28,72)"
          ],
          [
           0.25,
           "rgb(97,30,82)"
          ],
          [
           0.3125,
           "rgb(123,30,89)"
          ],
          [
           0.375,
           "rgb(150,27,91)"
          ],
          [
           0.4375,
           "rgb(177,22,88)"
          ],
          [
           0.5,
           "rgb(203,26,79)"
          ],
          [
           0.5625,
           "rgb(223,47,67)"
          ],
          [
           0.625,
           "rgb(236,76,61)"
          ],
          [
           0.6875,
           "rgb(242,107,73)"
          ],
          [
           0.75,
           "rgb(244,135,95)"
          ],
          [
           0.8125,
           "rgb(245,162,122)"
          ],
          [
           0.875,
           "rgb(246,188,153)"
          ],
          [
           0.9375,
           "rgb(247,212,187)"
          ],
          [
           1,
           "rgb(250,234,220)"
          ]
         ]
        },
        "height": 700,
        "margin": {
         "t": 60
        },
        "template": {
         "data": {
          "bar": [
           {
            "error_x": {
             "color": "rgb(36,36,36)"
            },
            "error_y": {
             "color": "rgb(36,36,36)"
            },
            "marker": {
             "line": {
              "color": "rgb(234,234,242)",
              "width": 0.5
             },
             "pattern": {
              "fillmode": "overlay",
              "size": 10,
              "solidity": 0.2
             }
            },
            "type": "bar"
           }
          ],
          "barpolar": [
           {
            "marker": {
             "line": {
              "color": "rgb(234,234,242)",
              "width": 0.5
             },
             "pattern": {
              "fillmode": "overlay",
              "size": 10,
              "solidity": 0.2
             }
            },
            "type": "barpolar"
           }
          ],
          "carpet": [
           {
            "aaxis": {
             "endlinecolor": "rgb(36,36,36)",
             "gridcolor": "white",
             "linecolor": "white",
             "minorgridcolor": "white",
             "startlinecolor": "rgb(36,36,36)"
            },
            "baxis": {
             "endlinecolor": "rgb(36,36,36)",
             "gridcolor": "white",
             "linecolor": "white",
             "minorgridcolor": "white",
             "startlinecolor": "rgb(36,36,36)"
            },
            "type": "carpet"
           }
          ],
          "choropleth": [
           {
            "colorbar": {
             "outlinewidth": 0,
             "tickcolor": "rgb(36,36,36)",
             "ticklen": 8,
             "ticks": "outside",
             "tickwidth": 2
            },
            "type": "choropleth"
           }
          ],
          "contour": [
           {
            "colorbar": {
             "outlinewidth": 0,
             "tickcolor": "rgb(36,36,36)",
             "ticklen": 8,
             "ticks": "outside",
             "tickwidth": 2
            },
            "colorscale": [
             [
              0,
              "rgb(2,4,25)"
             ],
             [
              0.06274509803921569,
              "rgb(24,15,41)"
             ],
             [
              0.12549019607843137,
              "rgb(47,23,57)"
             ],
             [
              0.18823529411764706,
              "rgb(71,28,72)"
             ],
             [
